1.9450000000e+03   
1.9460000000e+03   
1.9470000000e+03   
1.9480000000e+03   
1.9490000000e+03   
1.9500000000e+03   
1.9510000000e+03   
1.9520000000e+03   
1.9530000000e+03   
1.9540000000e+03   
1.9550000000e+03   
1.9560000000e+03   
1.9570000000e+03   
1.9580000000e+03   
1.9590000000e+03   
1.9600000000e+03   
1.9610000000e+03   
1.9620000000e+03   
1.9630000000e+03   
1.9640000000e+03   
1.9650000000e+03   
1.9660000000e+03   
1.9670000000e+03   
1.9680000000e+03   
1.9690000000e+03   
1.9700000000e+03   
1.9710000000e+03   
1.9720000000e+03   
1.9730000000e+03   
1.9740000000e+03   
1.9750000000e+03   
1.9760000000e+03   
1.9770000000e+03   
1.9780000000e+03   
1.9790000000e+03   
1.9800000000e+03   
1.9810000000e+03   
1.9820000000e+03   
1.9830000000e+03   
1.9840000000e+03   
1.9850000000e+03   
1.9860000000e+03   
1.9870000000e+03   
1.9880000000e+03   
1.9890000000e+03   
1.9900000000e+03   
1.9910000000e+03  
