3.0000000000e+00   
5.0000000000e+00   
5.0000000000e+00   
8.0000000000e+00   
8.0000000000e+00   
8.0000000000e+00   
2.4000000000e+01   
3.4000000000e+01   
4.5000000000e+01   
5.1000000000e+01   
6.9000000000e+01   
8.7000000000e+01   
1.1900000000e+02   
1.9600000000e+02   
1.9600000000e+02   
1.9600000000e+02   
2.0600000000e+02   
3.0200000000e+02   
3.4600000000e+02   
3.8400000000e+02   
4.2000000000e+02   
4.6300000000e+02   
4.9700000000e+02   
5.4200000000e+02   
5.8000000000e+02   
6.1500000000e+02   
6.3200000000e+02   
6.5000000000e+02   
6.6600000000e+02   
6.8000000000e+02   
7.0000000000e+02   
7.1800000000e+02   
7.3700000000e+02   
7.5400000000e+02   
7.6900000000e+02   
7.8300000000e+02   
7.9900000000e+02   
8.1700000000e+02   
8.3400000000e+02   
8.5100000000e+02   
8.6800000000e+02   
8.8200000000e+02   
8.9600000000e+02   
9.1000000000e+02   
9.2100000000e+02   
9.2900000000e+02   
9.3600000000e+02  


