   8.7890625000000000e+00
   1.0253906250000000e+01
   1.1718750000000000e+01
   1.3183593750000000e+01
   1.4648437500000000e+01
   1.6113281250000000e+01
   1.7578125000000000e+01
   1.9042968750000000e+01
   2.0507812500000000e+01
   2.1972656250000000e+01
   2.3437500000000000e+01
   2.4902343750000000e+01
   2.6367187500000000e+01
   2.7832031250000000e+01
   2.9296875000000000e+01
   3.0761718750000000e+01
   3.2226562500000000e+01
   3.3691406250000000e+01
   3.5156250000000000e+01
   3.6621093750000000e+01
   3.8085937500000000e+01
   3.9550781250000000e+01
   4.1015625000000000e+01
   4.2480468750000000e+01
   4.3945312500000000e+01
   4.5410156250000000e+01
   4.6875000000000000e+01
   4.8339843750000000e+01
   4.9804687500000000e+01
   5.1269531250000000e+01
   5.2734375000000000e+01
   5.4199218750000000e+01
   5.5664062500000000e+01
   5.7128906250000000e+01
   5.8593750000000000e+01
   6.0058593750000000e+01
   6.1523437500000000e+01
   6.2988281250000000e+01
   6.4453125000000000e+01
   6.5917968750000000e+01
   6.7382812500000000e+01
   6.8847656250000000e+01
   7.0312500000000000e+01
   7.1777343750000000e+01
   7.3242187500000000e+01
   7.4707031250000000e+01
   7.6171875000000000e+01
   7.7636718750000000e+01
   7.9101562500000000e+01
   8.0566406250000000e+01
   8.2031250000000000e+01
   8.3496093750000000e+01
   8.4960937500000000e+01
   8.6425781250000000e+01
   8.7890625000000000e+01
   8.9355468750000000e+01
   9.0820312500000000e+01
   9.2285156250000000e+01
   9.3750000000000000e+01
   9.5214843750000000e+01
   9.6679687500000000e+01
   9.8144531250000000e+01
   9.9609375000000000e+01
   1.0107421875000000e+02
   1.0253906250000000e+02
   1.0400390625000000e+02
   1.0546875000000000e+02
   1.0693359375000000e+02
   1.0839843750000000e+02
   1.0986328125000000e+02
   1.1132812500000000e+02
   1.1279296875000000e+02
   1.1425781250000000e+02
   1.1572265625000000e+02
   1.1718750000000000e+02
   1.1865234375000000e+02
   1.2011718750000000e+02
   1.2158203125000000e+02
   1.2304687500000000e+02
   1.2451171875000000e+02
   1.2597656250000000e+02
   1.2744140625000000e+02
   1.2890625000000000e+02
   1.3037109375000000e+02
   1.3183593750000000e+02
   1.3330078125000000e+02
   1.3476562500000000e+02
   1.3623046875000000e+02
   1.3769531250000000e+02
   1.3916015625000000e+02
   1.4062500000000000e+02
   1.4355468750000000e+02
   1.4648437500000000e+02
   1.4941406250000000e+02
   1.5234375000000000e+02
   1.5527343750000000e+02
   1.5820312500000000e+02
   1.6113281250000000e+02
   1.6406250000000000e+02
   1.6699218750000000e+02
   1.6992187500000000e+02
   1.7285156250000000e+02
   1.7578125000000000e+02
   1.7871093750000000e+02
   1.8164062500000000e+02
   1.8457031250000000e+02
   1.8750000000000000e+02
   1.9042968750000000e+02
   1.9335937500000000e+02
   1.9628906250000000e+02
   1.9921875000000000e+02
   2.0214843750000000e+02
   2.0507812500000000e+02
   2.0800781250000000e+02
   2.1093750000000000e+02
   2.1386718750000000e+02
   2.1679687500000000e+02
   2.1972656250000000e+02
   2.2265625000000000e+02
   2.2558593750000000e+02
   2.2851562500000000e+02
   2.3144531250000000e+02
   2.3437500000000000e+02
   2.3730468750000000e+02
   2.4023437500000000e+02
   2.4316406250000000e+02
   2.4609375000000000e+02
   2.4902343750000000e+02
   2.5195312500000000e+02
   2.5488281250000000e+02
   2.5781250000000000e+02
   2.6074218750000000e+02
   2.6367187500000000e+02
   2.6660156250000000e+02
   2.6953125000000000e+02
   2.7246093750000000e+02
   2.7539062500000000e+02
   2.7832031250000000e+02
   2.8125000000000000e+02
   2.8710937500000000e+02
   2.9296875000000000e+02
   2.9882812500000000e+02
   3.0468750000000000e+02
   3.1054687500000000e+02
   3.1640625000000000e+02
   3.2226562500000000e+02
   3.2812500000000000e+02
   3.3398437500000000e+02
   3.3984375000000000e+02
   3.4570312500000000e+02
   3.5156250000000000e+02
   3.5742187500000000e+02
   3.6328125000000000e+02
   3.6914062500000000e+02
   3.7500000000000000e+02
   3.8085937500000000e+02
   3.8671875000000000e+02
   3.9257812500000000e+02
   3.9843750000000000e+02
   4.0429687500000000e+02
   4.1015625000000000e+02
   4.1601562500000000e+02
   4.2187500000000000e+02
   4.2773437500000000e+02
   4.3359375000000000e+02
   4.3945312500000000e+02
   4.4531250000000000e+02
   4.5117187500000000e+02
   4.5703125000000000e+02
   4.6289062500000000e+02
   4.6875000000000000e+02
   4.7460937500000000e+02
   4.8046875000000000e+02
   4.8632812500000000e+02
   4.9218750000000000e+02
   4.9804687500000000e+02
   5.0390625000000000e+02
   5.0976562500000000e+02
   5.1562500000000000e+02
   5.2148437500000000e+02
   5.2734375000000000e+02
   5.3320312500000000e+02
   5.3906250000000000e+02
   5.4492187500000000e+02
   5.5078125000000000e+02
   5.5664062500000000e+02
   5.6250000000000000e+02
   5.7421875000000000e+02
   5.8593750000000000e+02
   5.9765625000000000e+02
   6.0937500000000000e+02
   6.2109375000000000e+02
   6.3281250000000000e+02
   6.4453125000000000e+02
   6.5625000000000000e+02
   6.6796875000000000e+02
   6.7968750000000000e+02
   6.9140625000000000e+02
   7.0312500000000000e+02
   7.1484375000000000e+02
   7.2656250000000000e+02
   7.3828125000000000e+02
   7.5000000000000000e+02
   7.6171875000000000e+02
   7.7343750000000000e+02
   7.8515625000000000e+02
   7.9687500000000000e+02
   8.0859375000000000e+02
   8.2031250000000000e+02
   8.3203125000000000e+02
   8.4375000000000000e+02
   8.5546875000000000e+02
   8.6718750000000000e+02
   8.7890625000000000e+02
   8.9062500000000000e+02
   9.0234375000000000e+02
   9.1406250000000000e+02
   9.2578125000000000e+02
   9.3750000000000000e+02
   9.4921875000000000e+02
   9.6093750000000000e+02
   9.7265625000000000e+02
   9.8437500000000000e+02
   9.9609375000000000e+02
   1.0078125000000000e+03
   1.0195312500000000e+03
   1.0312500000000000e+03
   1.0429687500000000e+03
   1.0546875000000000e+03
   1.0664062500000000e+03
   1.0781250000000000e+03
   1.0898437500000000e+03
   1.1015625000000000e+03
   1.1132812500000000e+03
   1.1250000000000000e+03
   1.1484375000000000e+03
   1.1718750000000000e+03
   1.1953125000000000e+03
   1.2187500000000000e+03
   1.2421875000000000e+03
   1.2656250000000000e+03
   1.2890625000000000e+03
   1.3125000000000000e+03
   1.3359375000000000e+03
   1.3593750000000000e+03
   1.3828125000000000e+03
   1.4062500000000000e+03
   1.4296875000000000e+03
   1.4531250000000000e+03
   1.4765625000000000e+03
   1.5000000000000000e+03
   1.5234375000000000e+03
   1.5468750000000000e+03
   1.5703125000000000e+03
   1.5937500000000000e+03
   1.6171875000000000e+03
   1.6406250000000000e+03
   1.6640625000000000e+03
   1.6875000000000000e+03
   1.7109375000000000e+03
   1.7343750000000000e+03
   1.7578125000000000e+03
   1.7812500000000000e+03
   1.8046875000000000e+03
   1.8281250000000000e+03
   1.8515625000000000e+03
   1.8750000000000000e+03
   1.8984375000000000e+03
   1.9218750000000000e+03
   1.9453125000000000e+03
   1.9687500000000000e+03
   1.9921875000000000e+03
   2.0156250000000000e+03
   2.0390625000000000e+03
   2.0625000000000000e+03
   2.0859375000000000e+03
   2.1093750000000000e+03
   2.1328125000000000e+03
   2.1562500000000000e+03
   2.1796875000000000e+03
   2.2031250000000000e+03
   2.2265625000000000e+03
   2.2500000000000000e+03
   2.2968750000000000e+03
   2.3437500000000000e+03
   2.3906250000000000e+03
   2.4375000000000000e+03
   2.4843750000000000e+03
   2.5312500000000000e+03
   2.5781250000000000e+03
   2.6250000000000000e+03
   2.6718750000000000e+03
   2.7187500000000000e+03
   2.7656250000000000e+03
   2.8125000000000000e+03
   2.8593750000000000e+03
   2.9062500000000000e+03
   2.9531250000000000e+03
   3.0000000000000000e+03
   3.0468750000000000e+03
   3.0937500000000000e+03
   3.1406250000000000e+03
   3.1875000000000000e+03
   3.2343750000000000e+03
   3.2812500000000000e+03
   3.3281250000000000e+03
   3.3750000000000000e+03
   3.4218750000000000e+03
   3.4687500000000000e+03
   3.5156250000000000e+03
   3.5625000000000000e+03
   3.6093750000000000e+03
   3.6562500000000000e+03
   3.7031250000000000e+03
   3.7500000000000000e+03
   3.7968750000000000e+03
   3.8437500000000000e+03
   3.8906250000000000e+03
   3.9375000000000000e+03
   3.9843750000000000e+03
   4.0312500000000000e+03
   4.0781250000000000e+03
   4.1250000000000000e+03
   4.1718750000000000e+03
   4.2187500000000000e+03
   4.2656250000000000e+03
   4.3125000000000000e+03
   4.3593750000000000e+03
   4.4062500000000000e+03
   4.4531250000000000e+03
   4.5000000000000000e+03
   4.5937500000000000e+03
   4.6875000000000000e+03
   4.7812500000000000e+03
   4.8750000000000000e+03
   4.9687500000000000e+03
   5.0625000000000000e+03
   5.1562500000000000e+03
   5.2500000000000000e+03
   5.3437500000000000e+03
   5.4375000000000000e+03
   5.5312500000000000e+03
   5.6250000000000000e+03
   5.7187500000000000e+03
   5.8125000000000000e+03
   5.9062500000000000e+03
   6.0000000000000000e+03
   6.0937500000000000e+03
   6.1875000000000000e+03
   6.2812500000000000e+03
   6.3750000000000000e+03
   6.4687500000000000e+03
   6.5625000000000000e+03
   6.6562500000000000e+03
   6.7500000000000000e+03
   6.8437500000000000e+03
   6.9375000000000000e+03
   7.0312500000000000e+03
   7.1250000000000000e+03
   7.2187500000000000e+03
   7.3125000000000000e+03
   7.4062500000000000e+03
   7.5000000000000000e+03
   7.5937500000000000e+03
   7.6875000000000000e+03
   7.7812500000000000e+03
   7.8750000000000000e+03
   7.9687500000000000e+03
   8.0625000000000000e+03
   8.1562500000000000e+03
   8.2500000000000000e+03
   8.3437500000000000e+03
   8.4375000000000000e+03
   8.5312500000000000e+03
   8.6250000000000000e+03
   8.7187500000000000e+03
   8.8125000000000000e+03
   8.9062500000000000e+03
   9.0000000000000000e+03
   9.1875000000000000e+03
   9.3750000000000000e+03
   9.5625000000000000e+03
   9.7500000000000000e+03
   9.9375000000000000e+03
   1.0125000000000000e+04
   1.0312500000000000e+04
   1.0500000000000000e+04
   1.0687500000000000e+04
   1.0875000000000000e+04
   1.1062500000000000e+04
   1.1250000000000000e+04
   1.1437500000000000e+04
   1.1625000000000000e+04
   1.1812500000000000e+04
   1.2000000000000000e+04
   1.2187500000000000e+04
   1.2375000000000000e+04
   1.2562500000000000e+04
   1.2750000000000000e+04
   1.2937500000000000e+04
   1.3125000000000000e+04
   1.3312500000000000e+04
   1.3500000000000000e+04
   1.3687500000000000e+04
   1.3875000000000000e+04
   1.4062500000000000e+04
   1.4250000000000000e+04
   1.4437500000000000e+04
   1.4625000000000000e+04
   1.4812500000000000e+04
   1.5000000000000000e+04
   1.5187500000000000e+04
   1.5375000000000000e+04
   1.5562500000000000e+04
   1.5750000000000000e+04
   1.5937500000000000e+04
   1.6125000000000000e+04
   1.6312500000000000e+04
   1.6500000000000000e+04
   1.6687500000000000e+04
   1.6875000000000000e+04
   1.7062500000000000e+04
   1.7250000000000000e+04
   1.7437500000000000e+04
   1.7625000000000000e+04
   1.7812500000000000e+04
   1.8000000000000000e+04
   1.8187500000000000e+04
   1.8375000000000000e+04
   1.8562500000000000e+04
   1.8750000000000000e+04
   1.8937500000000000e+04
   1.9125000000000000e+04
   1.9312500000000000e+04
   1.9500000000000000e+04
   1.9687500000000000e+04
   1.9875000000000000e+04
   2.0062500000000000e+04
   2.0250000000000000e+04
   2.0437500000000000e+04
   2.0625000000000000e+04
   2.0812500000000000e+04
   2.1000000000000000e+04
   2.1187500000000000e+04
   2.1375000000000000e+04
   2.1562500000000000e+04
   2.1750000000000000e+04
   2.1937500000000000e+04
   2.2125000000000000e+04
   2.2312500000000000e+04
   2.2500000000000000e+04
   2.2687500000000000e+04
