   1.9770000000000000e+03   9.3224932249322467e+00   1.0726744186046512e-01   0.0000000000000000e+00
   1.9780000000000000e+03   5.5676998368678623e+00   1.7960738353354819e-01   0.0000000000000000e+00
   1.9790000000000000e+03   3.8442028985507251e+00   2.6013195098963243e-01   0.0000000000000000e+00
   1.9800000000000000e+03   2.9292196007259532e+00   3.4138785625774482e-01   0.0000000000000000e+00
   1.9810000000000000e+03   2.1547445255474451e+00   4.6409214092140921e-01   0.0000000000000000e+00
   1.9820000000000000e+03   1.3379045529347227e+00   7.4743747437474362e-01   0.0000000000000000e+00
   1.9830000000000000e+03   8.8215488215488214e-01   1.1254752851711027e+00   1.7921146953405018e-03
   1.9840000000000000e+03   6.0568383658969815e-01   1.5779467680608368e+00   1.0808796123742080e-02
   1.9850000000000000e+03   4.6170859828587230e-01   1.7885021097046416e+00   4.4655206480932623e-02
   1.9860000000000000e+03   3.1496855345911950e-01   1.9332210998877666e+00   1.1283798169044071e-01
   1.9870000000000000e+03   2.0894356570982231e-01   1.9607843137254906e+00   1.9748549323017406e-01
   1.9880000000000000e+03   1.2070690230076692e-01   2.0265646105357944e+00   2.8650717703349282e-01
   1.9890000000000000e+03   5.2953780226507499e-02   1.8453267162944584e+00   4.3094841930116473e-01
   1.9900000000000000e+03   1.6055990119390694e-02   1.4828973843058351e+00   6.3119629874421679e-01
   1.9910000000000000e+03   6.9224113066051335e-03   1.0650695060632951e+00   9.1340093176212667e-01
   1.9920000000000000e+03   2.9719602015764309e-03   8.9409468033186923e-01   1.1052346080824518e+00
   1.9930000000000000e+03   1.4372978799856273e-03   6.8364881192106330e-01   1.4540651599647787e+00
   1.9940000000000000e+03   1.8858560794044665e-03   5.2018072289156625e-01   1.9064209617045782e+00
   1.9950000000000000e+03   2.1995600879824036e-03   3.7352699369690323e-01   2.6477438136826783e+00
